385.86 514.13
 398.79 518.13
 401.29 516.13
 397.52 514.13
 392.05 512.88
 383.05 508.38
 378.3 507.63
 385.86 511.76
 382.24 514.88
 371.8 518.13
 364.8 519.63
 354.91 521.88
 349.05 523.38
 339.74 525.13
 331.49 526.38
 322.24 527.13
 313.71 528.88
 304.05 529.76
 295.05 531.38
 281.05 532.17
 267.55 531.38
 262.63 531.38
 252.05 531.38
 241.43 531.38
 231.44 531.38
 225.1 531.38
 218.77 530.63
 211.77 530.63
 202.19 529.76
 195.44 528.88
 189.19 527.13
 179.77 525.13
 176.44 523.38
 168.77 521.88
 163.25 519.63
 155.69 516.88
 150.77 514.88
 143.43 511.13
 136.44 504.38
 132.19 501.38
 130.69 494.63
 128.19 487.88
 129.44 479.63
 132.19 473.88
 135.19 466.1
 136.44 457.38
 137.94 448.43
 140.1 443.88
 141.77 434.13
 143.43 430.36
 143.43 423.88
 144.44 417.38
 150.77 415.38
 160.44 422.13
 189.19 428.76
 198.1 429.5
 206.19 428.76
 210.1 431.63
 192.89 430.36
 186.89 429.92
 181.15 429.5
 176.64 429.17
 171.1 428.76
 167.04 426.97
 163.25 425.31 157.82 422.91 152.94 420.76 146.19 413.13 144.44 407.13 143.43 399.88 143.43 390.63 145.1 384.88 147.69 380.88 139.44 373.38 128.19 361.13 122.44 351.63 118.19 341.43 117.19 331.38 117.19 322.63 118.19 313.13 120.94 302.88 126.69 289.76 132.19 282.43 137.94 274.12 140.1 277.1 137.94 280.76 135.19 284.13 133.69 288.1 129.44 293.43 126.69 297.76 124.69 302.88 122.94 307.38 122.44 311.76 120.94 316.38 120.94 320 120.94 325.63 120.94 329.88 122.44 335.63 122.44 341.43 124.69 347.38 127.69 353.13 130.69 358.38 133.69 361.13 136.44 364.63 140.77 368.43 144.44 372.63 147.69 375.43 150.19 377.63 153.94 373.38 160.44 371.88 170.19 369.63 176.44 369.63 181.77 369.63 187.94 370.88 192.63 370.88 198.1 371.88 202.19 372.63 207.69 372.63 213.24 373.38 218.77 372.63 223.77 372.63 229.1 373.38 235.88 371.88 243.77 369.63 235.88 328.88 239.1 305.43 253.74 280.76 258.74 275.87 321.33 332.63 323.74 337.38 325.99 341.43 329.99 342.88 334.24 343.63 337.49 339.38 339.74 336.38 340.61 332.63 338.86 328.88 336.91 327.1 332.24 325.13 329.24 325.13 325.24 326.38 322.24 328.88 262.63 273.37 269.24 268.37 273.9 264.12 278.74 261.87 284.38 259.76 288.36 257.37 294.36 255.43 301.86 255.43 307.11 255.43 313.71 254.87 320 254.87 327.11 255.43 333.11 257.37C336.11 258.37 338.61 258.84 340.61 258.76C342.61 258.69 344.4 259.73 345.99 261.87 350.58 264.12 356.61 266.43 363.24 270.62 366.18 273.37 370.11 277.1 375.58 281.62 380.36 289.76 383.86 294.38 385.86 298.63 387.61 304.63 390.85 313.13 393.86 319.38C394.53 322.04 394.94 324.38 395.11 326.38C395.28 328.38 395.28 330.95 395.11 334.1 395.11 339.38 393.86 348.88 392.58 354.88 390.11 361.13 386.86 366.88 383.86 371.88 380.36 378.88 377.36 384.13 371.24 388.43 366.91 392.38 360.74 397.88 352.49 403.43 345.99 406.43 339.74 408.38 331.49 410.63 323.74 411.76C319.58 412.34 316.41 412.63 314.24 412.63C312.08 412.63 309.41 412.34 306.24 411.76 296.99 409.63 289.74 407.13 283.24 405.38 278.74 403.43 272.58 400.43 269.24 397.88 264.74 395.13 260.91 392.38 257.99 388.43 253.74 384.13 250.43 379.88 243.77 371.88 241.43 368.43 240.38 363.88 239.1 358.38 236.77 354.38 234.38 350.38 234.38 344.38 232.43 340.38 233.43 335.63 233.43 331.38 198.1 332.63 196.88 335.63 194.77 338.13 191.13 339.38 187.38 339.38 183.63 338.13 180.88 336.38 179.13 334.1 179.13 330.63 179.77 327.63 181.77 325.13 187.38 322.63 192.63 323.38 196.13 326.38 198.1 329.88 232.43 328.88 233.43 325.13 234.38 320 235.88 313.13 236.77 308.13 239.1 302.88 241.43 297.76 243.77 293.43 246.77 288.1 250.43 282.43 246.77 280.76 245.1 277.1 239.1 272.43 236.77 269.43 232.43 265.76 227.77 262.76 223.77 261.1 218.77 261.1 210.1 258.76 204.43 256.43 198.1 255.43 192.1 254.1 185.1 254.1 179.77 255.43 172.77 256.43 167.43 258.76 162.1 261.1 155.1 262.76 150.77 265.76 145.1 269.43 140.77 272.43 140.1 266.43 140.1 259.76 141.77 254.1 141.77 249.1 143.43 245.43 146.77 241.43 152.1 239.1 159.43 233.1 161.1 229.43 162.1 224.76 162.1 219.43 162.1 214.43 162.1 210.76 162.1 204.1 162.1 198.1 162.77 191.76 165.43 183.43 164.43 175.1 164.43 167.43 164.43 162.1 165.43 153.43 165.43 145.43 167.43 141.1 167.43 133.43 165.43 124.43 165.43 118.1 167.43 107.43 167.43 98.76 167.43 88.43 168.77 81.1 168.77 74.1 168.77 69.76 168.77 58.76 168.77 52.1 171.1 46.1 174.43 46.1 178.1 48.76 181.77 53.1 186.43 62.1 189.77 67.43 194.77 75.1 200.1 71.76 203.1 62.1 207.1 52.1 210.1 44.1 211.77 39.76 215.43 39.76 218.77 41.43 225.1 48.76 229.1 53.1 233.43 59.76 239.1 69.76 241.43 63.76 245.1 56.76 246.77 50.43 250.43 42.43 252.77 38.76 256.91 34.1 260.91 39.76 266.24 46.1 272.58 52.1 275.91 59.76 283.24 68.76 286.58 59.76 291.24 52.1 295.58 44.1 302.58 36.43 307.91 34.1 311.91 38.76 314.91 44.1 318.24 50.43 321.33 59.76 326.58 67.43 332.24 61.1 336.91 52.1 347.58 38.76C347.92 39.18 348.13 39.44 348.21 39.54C348.21 39.54 352.69 45.51 352.69 45.51C352.98 45.94 353.72 47.03 354.91 48.76 357.91 54.76 359.58 58.76 363.24 65.1 366.91 74.1 371.24 68.76 375.58 65.1 382.24 58.76 385.18 53.1 388.58 48.76 392.58 46.1 397.52 50.43 400.24 54.76 402.24 59.76 404.52 65.1 406.91 71.76 409.18 78.1 410.91 84.76 415.91 81.1 418.24 78.1 421.18 75.1 423.88 68.76 429.52 58.76 436.18 55.43 438.88 58.76 441.85 66.43 445.52 75.1 446.85 83.76 449.88 93.1 455.22 88.43 463.22 81.1 470.52 74.1 477.85 68.76 481.85 73.1 483.55 81.1 487.85 88.43 487.85 98.76 489.55 105.76 493.18 104.43 501.55 98.76 508.22 91.76 515.55 88.43 521.88 90.43 521.88 97.1 520.22 104.43 518.55 113.76 515.55 124.43 513.55 131.1 510.88 139.76 508.22 149.1 503.88 158.43 501.55 167.43 499.55 175.1 496.88 182.43 496.88 189.43 493.18 198.1 492.18 205.43 493.18 212.43 490.52 218.43 489.55 225.76 486.88 231.76 487.85 239.1 485.85 248.1 483.55 256.43 482.52 262.76 481.85 270.1 480.18 277.1 478.85 289.76 477.85 297.76 476.52 305.43 475.52 311.76 473.85 320 471.85 327.1 473.85 334.1 472.52 341.43 470.52 348.1 469.52 355.43 469.52 361.76 469.52 368.43 468.18 375.43 468.18 382.76 467.18 388.43 467.18 394.1 462.52 396.43 457.52 398.76 450.85 401.43 441.85 398.76 438.18 401.43 440.18 404.43 446.85 406.43 454.52 404.43 462.52 400.43 470.52 398.76 477.85 400.43 482.52 403.43 487.85 407.76 490.52 411.76 492.18 416.1 494.52 420.76 494.52 428.76 494.52 435.1 494.52 440.76 493.18 447.1 490.52 451.43 485.85 454.43 481.85 456.76 477.85 458.43 473.85 461.1 470.52 461.1 465.85 461.1 462.52 458.43 459.52 456.76 456.52 455.43 452.52 453.1 449.18 451.43 445.52 449.43 441.85 448.43 438.18 451.43C438.18 452.5 438.18 453.16 438.18 453.43C438.18 454.07 438.42 454.69 438.86 455.17C439.26 455.6 440.25 456.69 441.85 458.43 445.52 462.1 449.18 464.76 454.52 466.1 459.52 466.1 459.52 471.1 459.52 476.43 459.52 482.1 458.85 487.1 460.85 494.1 460.85 500.43 460.85 511.76 461.52 517.43 461.52 524.1 462.52 529.76 462.52 533.43 464.85 537.43 464.85 542.65 467.18 550.1 468.18 554.43 470.52 560.1 469.52 563.61 467.18 568.43 464.85 572.1 462.52 575.13 458.85 577.76 454.52 580.1 449.18 582.76 444.18 585.61 440.18 586.43 436.18 587.43 433.18 588.43 429.52 588.43 425.85 588.43 421.18 588.43 416.85 588.43 412.52 588.43 409.18 588.43 404.52 588.43 397.52 589.1 390.85 589.1 385.18 590.76 379.18 590.76 374.85 590.76 369.52 590.76 366.18 589.1 358.65 591.82 338.86 585.61 320 585.61 320 575.13 313.71 563.61 305.33 556.27 293.81 556.27 284.38 548.94 273.9 542.65 273.9 532.17" id="bYHEhJ3B0