31
103.99748885631561 23.000319600105286
89.11620797216892 24.894300803542137
74.24638950824738 26.78682315349579
59.361231137794675 28.68129785518977
48.7725217603147 34.54956479370594
48.02343559265137 49.531288146972656
47.27389791607857 64.52204167842865
50.37922384426929 78.8780102810124
56.07938216626644 92.75775625556707
67.13155919313431 101.77610102295876
81.0799681795761 107.21943025384098
96.03759841469582 108.1021493069129
110.37491560727358 104.63537814468145
115.43862769752741 90.77830189466476
109.33957198262215 80.27527944743633
95.4434814453125 74.59051513671875
82.22134632617235 80.4782595206052
72.58568150177598 79.57844575680792
68.79675367474556 65.05422241985798
75.21502980578225 52.611746456474066
86.64999509323388 48.500986345112324
100.12646343465894 55.0798145160079
111.54050356149673 64.36331152915955
121.52657155820634 75.56121054524556
132.5567662268877 74.34601858258247
143.04892745334655 63.903568408451974
147.21444600075483 49.501931466162205
141.96205497905612 36.35797692835331
132.1095677614212 25.133474588394165
120.35701656341553 15.848295211791992
107.19604180753231 21.141851358115673
